11111
11112
11113
11114
11121
11122
11123
11124
11131
11132
11133
11134
11141
11142
11143
11144
11211
11212
11213
11214
11221
11222
11223
11224
11231
11232
11233
11234
11241
11242
11243
11244
11311
11312
11313
11314
11321
11322
11323
11324
11331
11332
11333
11334
11341
11342
11343
11344
11411
11412
11413
11414
11421
11422
11423
11424
11431
11432
11433
11434
11441
11442
11443
11444
12111
12112
12113
12114
12121
12122
12123
12124
12131
12132
12133
12134
12141
12142
12143
12144
12211
12212
12213
12214
12221
12222
12223
12224
12231
12232
12233
12234
12241
12242
12243
12244
12311
12312
12313
12314
12321
12322
12323
12324
12331
12332
12333
12334
12341
12342
12343
12344
12411
12412
12413
12414
12421
12422
12423
12424
12431
12432
12433
12434
12441
12442
12443
12444
13111
13112
13113
13114
13121
13122
13123
13124
13131
13132
13133
13134
13141
13142
13143
13144
13211
13212
13213
13214
13221
13222
13223
13224
13231
13232
13233
13234
13241
13242
13243
13244
13311
13312
13313
13314
13321
13322
13323
13324
13331
13332
13333
13334
13341
13342
13343
13344
13411
13412
13413
13414
13421
13422
13423
13424
13431
13432
13433
13434
13441
13442
13443
13444
14111
14112
14113
14114
14121
14122
14123
14124
14131
14132
14133
14134
14141
14142
14143
14144
14211
14212
14213
14214
14221
14222
14223
14224
14231
14232
14233
14234
14241
14242
14243
14244
14311
14312
14313
14314
14321
14322
14323
14324
14331
14332
14333
14334
14341
14342
14343
14344
14411
14412
14413
14414
14421
14422
14423
14424
14431
14432
14433
14434
14441
14442
14443
14444
21111
21112
21113
21114
21121
21122
21123
21124
21131
21132
21133
21134
21141
21142
21143
21144
21211
21212
21213
21214
21221
21222
21223
21224
21231
21232
21233
21234
21241
21242
21243
21244
21311
21312
21313
21314
21321
21322
21323
21324
21331
21332
21333
21334
21341
21342
21343
21344
21411
21412
21413
21414
21421
21422
21423
21424
21431
21432
21433
21434
21441
21442
21443
21444
22111
22112
22113
22114
22121
22122
22123
22124
22131
22132
22133
22134
22141
22142
22143
22144
22211
22212
22213
22214
22221
22222
22223
22224
22231
22232
22233
22234
22241
22242
22243
22244
22311
22312
22313
22314
22321
22322
22323
22324
22331
22332
22333
22334
22341
22342
22343
22344
22411
22412
22413
22414
22421
22422
22423
22424
22431
22432
22433
22434
22441
22442
22443
22444
23111
23112
23113
23114
23121
23122
23123
23124
23131
23132
23133
23134
23141
23142
23143
23144
23211
23212
23213
23214
23221
23222
23223
23224
23231
23232
23233
23234
23241
23242
23243
23244
23311
23312
23313
23314
23321
23322
23323
23324
23331
23332
23333
23334
23341
23342
23343
23344
23411
23412
23413
23414
23421
23422
23423
23424
23431
23432
23433
23434
23441
23442
23443
23444
24111
24112
24113
24114
24121
24122
24123
24124
24131
24132
24133
24134
24141
24142
24143
24144
24211
24212
24213
24214
24221
24222
24223
24224
24231
24232
24233
24234
24241
24242
24243
24244
24311
24312
24313
24314
24321
24322
24323
24324
24331
24332
24333
24334
24341
24342
24343
24344
24411
24412
24413
24414
24421
24422
24423
24424
24431
24432
24433
24434
24441
24442
24443
24444
31111
31112
31113
31114
31121
31122
31123
31124
31131
31132
31133
31134
31141
31142
31143
31144
31211
31212
31213
31214
31221
31222
31223
31224
31231
31232
31233
31234
31241
31242
31243
31244
31311
31312
31313
31314
31321
31322
31323
31324
31331
31332
31333
31334
31341
31342
31343
31344
31411
31412
31413
31414
31421
31422
31423
31424
31431
31432
31433
31434
31441
31442
31443
31444
32111
32112
32113
32114
32121
32122
32123
32124
32131
32132
32133
32134
32141
32142
32143
32144
32211
32212
32213
32214
32221
32222
32223
32224
32231
32232
32233
32234
32241
32242
32243
32244
32311
32312
32313
32314
32321
32322
32323
32324
32331
32332
32333
32334
32341
32342
32343
32344
32411
32412
32413
32414
32421
32422
32423
32424
32431
32432
32433
32434
32441
32442
32443
32444
33111
33112
33113
33114
33121
33122
33123
33124
33131
33132
33133
33134
33141
33142
33143
33144
33211
33212
33213
33214
33221
33222
33223
33224
33231
33232
33233
33234
33241
33242
33243
33244
33311
33312
33313
33314
33321
33322
33323
33324
33331
33332
33333
33334
33341
33342
33343
33344
33411
33412
33413
33414
33421
33422
33423
33424
33431
33432
33433
33434
33441
33442
33443
33444
34111
34112
34113
34114
34121
34122
34123
34124
34131
34132
34133
34134
34141
34142
34143
34144
34211
34212
34213
34214
34221
34222
34223
34224
34231
34232
34233
34234
34241
34242
34243
34244
34311
34312
34313
34314
34321
34322
34323
34324
34331
34332
34333
34334
34341
34342
34343
34344
34411
34412
34413
34414
34421
34422
34423
34424
34431
34432
34433
34434
34441
34442
34443
34444
41111
41112
41113
41114
41121
41122
41123
41124
41131
41132
41133
41134
41141
41142
41143
41144
41211
41212
41213
41214
41221
41222
41223
41224
41231
41232
41233
41234
41241
41242
41243
41244
41311
41312
41313
41314
41321
41322
41323
41324
41331
41332
41333
41334
41341
41342
41343
41344
41411
41412
41413
41414
41421
41422
41423
41424
41431
41432
41433
41434
41441
41442
41443
41444
42111
42112
42113
42114
42121
42122
42123
42124
42131
42132
42133
42134
42141
42142
42143
42144
42211
42212
42213
42214
42221
42222
42223
42224
42231
42232
42233
42234
42241
42242
42243
42244
42311
42312
42313
42314
42321
42322
42323
42324
42331
42332
42333
42334
42341
42342
42343
42344
42411
42412
42413
42414
42421
42422
42423
42424
42431
42432
42433
42434
42441
42442
42443
42444
43111
43112
43113
43114
43121
43122
43123
43124
43131
43132
43133
43134
43141
43142
43143
43144
43211
43212
43213
43214
43221
43222
43223
43224
43231
43232
43233
43234
43241
43242
43243
43244
43311
43312
43313
43314
43321
43322
43323
43324
43331
43332
43333
43334
43341
43342
43343
43344
43411
43412
43413
43414
43421
43422
43423
43424
43431
43432
43433
43434
43441
43442
43443
43444
44111
44112
44113
44114
44121
44122
44123
44124
44131
44132
44133
44134
44141
44142
44143
44144
44211
44212
44213
44214
44221
44222
44223
44224
44231
44232
44233
44234
44241
44242
44243
44244
44311
44312
44313
44314
44321
44322
44323
44324
44331
44332
44333
44334
44341
44342
44343
44344
44411
44412
44413
44414
44421
44422
44423
44424
44431
44432
44433
44434
44441
44442
44443
44444
