111111
111112
111113
111114
111121
111122
111123
111124
111131
111132
111133
111134
111141
111142
111143
111144
111211
111212
111213
111214
111221
111222
111223
111224
111231
111232
111233
111234
111241
111242
111243
111244
111311
111312
111313
111314
111321
111322
111323
111324
111331
111332
111333
111334
111341
111342
111343
111344
111411
111412
111413
111414
111421
111422
111423
111424
111431
111432
111433
111434
111441
111442
111443
111444
112111
112112
112113
112114
112121
112122
112123
112124
112131
112132
112133
112134
112141
112142
112143
112144
112211
112212
112213
112214
112221
112222
112223
112224
112231
112232
112233
112234
112241
112242
112243
112244
112311
112312
112313
112314
112321
112322
112323
112324
112331
112332
112333
112334
112341
112342
112343
112344
112411
112412
112413
112414
112421
112422
112423
112424
112431
112432
112433
112434
112441
112442
112443
112444
113111
113112
113113
113114
113121
113122
113123
113124
113131
113132
113133
113134
113141
113142
113143
113144
113211
113212
113213
113214
113221
113222
113223
113224
113231
113232
113233
113234
113241
113242
113243
113244
113311
113312
113313
113314
113321
113322
113323
113324
113331
113332
113333
113334
113341
113342
113343
113344
113411
113412
113413
113414
113421
113422
113423
113424
113431
113432
113433
113434
113441
113442
113443
113444
114111
114112
114113
114114
114121
114122
114123
114124
114131
114132
114133
114134
114141
114142
114143
114144
114211
114212
114213
114214
114221
114222
114223
114224
114231
114232
114233
114234
114241
114242
114243
114244
114311
114312
114313
114314
114321
114322
114323
114324
114331
114332
114333
114334
114341
114342
114343
114344
114411
114412
114413
114414
114421
114422
114423
114424
114431
114432
114433
114434
114441
114442
114443
114444
121111
121112
121113
121114
121121
121122
121123
121124
121131
121132
121133
121134
121141
121142
121143
121144
121211
121212
121213
121214
121221
121222
121223
121224
121231
121232
121233
121234
121241
121242
121243
121244
121311
121312
121313
121314
121321
121322
121323
121324
121331
121332
121333
121334
121341
121342
121343
121344
121411
121412
121413
121414
121421
121422
121423
121424
121431
121432
121433
121434
121441
121442
121443
121444
122111
122112
122113
122114
122121
122122
122123
122124
122131
122132
122133
122134
122141
122142
122143
122144
122211
122212
122213
122214
122221
122222
122223
122224
122231
122232
122233
122234
122241
122242
122243
122244
122311
122312
122313
122314
122321
122322
122323
122324
122331
122332
122333
122334
122341
122342
122343
122344
122411
122412
122413
122414
122421
122422
122423
122424
122431
122432
122433
122434
122441
122442
122443
122444
123111
123112
123113
123114
123121
123122
123123
123124
123131
123132
123133
123134
123141
123142
123143
123144
123211
123212
123213
123214
123221
123222
123223
123224
123231
123232
123233
123234
123241
123242
123243
123244
123311
123312
123313
123314
123321
123322
123323
123324
123331
123332
123333
123334
123341
123342
123343
123344
123411
123412
123413
123414
123421
123422
123423
123424
123431
123432
123433
123434
123441
123442
123443
123444
124111
124112
124113
124114
124121
124122
124123
124124
124131
124132
124133
124134
124141
124142
124143
124144
124211
124212
124213
124214
124221
124222
124223
124224
124231
124232
124233
124234
124241
124242
124243
124244
124311
124312
124313
124314
124321
124322
124323
124324
124331
124332
124333
124334
124341
124342
124343
124344
124411
124412
124413
124414
124421
124422
124423
124424
124431
124432
124433
124434
124441
124442
124443
124444
131111
131112
131113
131114
131121
131122
131123
131124
131131
131132
131133
131134
131141
131142
131143
131144
131211
131212
131213
131214
131221
131222
131223
131224
131231
131232
131233
131234
131241
131242
131243
131244
131311
131312
131313
131314
131321
131322
131323
131324
131331
131332
131333
131334
131341
131342
131343
131344
131411
131412
131413
131414
131421
131422
131423
131424
131431
131432
131433
131434
131441
131442
131443
131444
132111
132112
132113
132114
132121
132122
132123
132124
132131
132132
132133
132134
132141
132142
132143
132144
132211
132212
132213
132214
132221
132222
132223
132224
132231
132232
132233
132234
132241
132242
132243
132244
132311
132312
132313
132314
132321
132322
132323
132324
132331
132332
132333
132334
132341
132342
132343
132344
132411
132412
132413
132414
132421
132422
132423
132424
132431
132432
132433
132434
132441
132442
132443
132444
133111
133112
133113
133114
133121
133122
133123
133124
133131
133132
133133
133134
133141
133142
133143
133144
133211
133212
133213
133214
133221
133222
133223
133224
133231
133232
133233
133234
133241
133242
133243
133244
133311
133312
133313
133314
133321
133322
133323
133324
133331
133332
133333
133334
133341
133342
133343
133344
133411
133412
133413
133414
133421
133422
133423
133424
133431
133432
133433
133434
133441
133442
133443
133444
134111
134112
134113
134114
134121
134122
134123
134124
134131
134132
134133
134134
134141
134142
134143
134144
134211
134212
134213
134214
134221
134222
134223
134224
134231
134232
134233
134234
134241
134242
134243
134244
134311
134312
134313
134314
134321
134322
134323
134324
134331
134332
134333
134334
134341
134342
134343
134344
134411
134412
134413
134414
134421
134422
134423
134424
134431
134432
134433
134434
134441
134442
134443
134444
141111
141112
141113
141114
141121
141122
141123
141124
141131
141132
141133
141134
141141
141142
141143
141144
141211
141212
141213
141214
141221
141222
141223
141224
141231
141232
141233
141234
141241
141242
141243
141244
141311
141312
141313
141314
141321
141322
141323
141324
141331
141332
141333
141334
141341
141342
141343
141344
141411
141412
141413
141414
141421
141422
141423
141424
141431
141432
141433
141434
141441
141442
141443
141444
142111
142112
142113
142114
142121
142122
142123
142124
142131
142132
142133
142134
142141
142142
142143
142144
142211
142212
142213
142214
142221
142222
142223
142224
142231
142232
142233
142234
142241
142242
142243
142244
142311
142312
142313
142314
142321
142322
142323
142324
142331
142332
142333
142334
142341
142342
142343
142344
142411
142412
142413
142414
142421
142422
142423
142424
142431
142432
142433
142434
142441
142442
142443
142444
143111
143112
143113
143114
143121
143122
143123
143124
143131
143132
143133
143134
143141
143142
143143
143144
143211
143212
143213
143214
143221
143222
143223
143224
143231
143232
143233
143234
143241
143242
143243
143244
143311
143312
143313
143314
143321
143322
143323
143324
143331
143332
143333
143334
143341
143342
143343
143344
143411
143412
143413
143414
143421
143422
143423
143424
143431
143432
143433
143434
143441
143442
143443
143444
144111
144112
144113
144114
144121
144122
144123
144124
144131
144132
144133
144134
144141
144142
144143
144144
144211
144212
144213
144214
144221
144222
144223
144224
144231
144232
144233
144234
144241
144242
144243
144244
144311
144312
144313
144314
144321
144322
144323
144324
144331
144332
144333
144334
144341
144342
144343
144344
144411
144412
144413
144414
144421
144422
144423
144424
144431
144432
144433
144434
144441
144442
144443
144444
211111
211112
211113
211114
211121
211122
211123
211124
211131
211132
211133
211134
211141
211142
211143
211144
211211
211212
211213
211214
211221
211222
211223
211224
211231
211232
211233
211234
211241
211242
211243
211244
211311
211312
211313
211314
211321
211322
211323
211324
211331
211332
211333
211334
211341
211342
211343
211344
211411
211412
211413
211414
211421
211422
211423
211424
211431
211432
211433
211434
211441
211442
211443
211444
212111
212112
212113
212114
212121
212122
212123
212124
212131
212132
212133
212134
212141
212142
212143
212144
212211
212212
212213
212214
212221
212222
212223
212224
212231
212232
212233
212234
212241
212242
212243
212244
212311
212312
212313
212314
212321
212322
212323
212324
212331
212332
212333
212334
212341
212342
212343
212344
212411
212412
212413
212414
212421
212422
212423
212424
212431
212432
212433
212434
212441
212442
212443
212444
213111
213112
213113
213114
213121
213122
213123
213124
213131
213132
213133
213134
213141
213142
213143
213144
213211
213212
213213
213214
213221
213222
213223
213224
213231
213232
213233
213234
213241
213242
213243
213244
213311
213312
213313
213314
213321
213322
213323
213324
213331
213332
213333
213334
213341
213342
213343
213344
213411
213412
213413
213414
213421
213422
213423
213424
213431
213432
213433
213434
213441
213442
213443
213444
214111
214112
214113
214114
214121
214122
214123
214124
214131
214132
214133
214134
214141
214142
214143
214144
214211
214212
214213
214214
214221
214222
214223
214224
214231
214232
214233
214234
214241
214242
214243
214244
214311
214312
214313
214314
214321
214322
214323
214324
214331
214332
214333
214334
214341
214342
214343
214344
214411
214412
214413
214414
214421
214422
214423
214424
214431
214432
214433
214434
214441
214442
214443
214444
221111
221112
221113
221114
221121
221122
221123
221124
221131
221132
221133
221134
221141
221142
221143
221144
221211
221212
221213
221214
221221
221222
221223
221224
221231
221232
221233
221234
221241
221242
221243
221244
221311
221312
221313
221314
221321
221322
221323
221324
221331
221332
221333
221334
221341
221342
221343
221344
221411
221412
221413
221414
221421
221422
221423
221424
221431
221432
221433
221434
221441
221442
221443
221444
222111
222112
222113
222114
222121
222122
222123
222124
222131
222132
222133
222134
222141
222142
222143
222144
222211
222212
222213
222214
222221
222222
222223
222224
222231
222232
222233
222234
222241
222242
222243
222244
222311
222312
222313
222314
222321
222322
222323
222324
222331
222332
222333
222334
222341
222342
222343
222344
222411
222412
222413
222414
222421
222422
222423
222424
222431
222432
222433
222434
222441
222442
222443
222444
223111
223112
223113
223114
223121
223122
223123
223124
223131
223132
223133
223134
223141
223142
223143
223144
223211
223212
223213
223214
223221
223222
223223
223224
223231
223232
223233
223234
223241
223242
223243
223244
223311
223312
223313
223314
223321
223322
223323
223324
223331
223332
223333
223334
223341
223342
223343
223344
223411
223412
223413
223414
223421
223422
223423
223424
223431
223432
223433
223434
223441
223442
223443
223444
224111
224112
224113
224114
224121
224122
224123
224124
224131
224132
224133
224134
224141
224142
224143
224144
224211
224212
224213
224214
224221
224222
224223
224224
224231
224232
224233
224234
224241
224242
224243
224244
224311
224312
224313
224314
224321
224322
224323
224324
224331
224332
224333
224334
224341
224342
224343
224344
224411
224412
224413
224414
224421
224422
224423
224424
224431
224432
224433
224434
224441
224442
224443
224444
231111
231112
231113
231114
231121
231122
231123
231124
231131
231132
231133
231134
231141
231142
231143
231144
231211
231212
231213
231214
231221
231222
231223
231224
231231
231232
231233
231234
231241
231242
231243
231244
231311
231312
231313
231314
231321
231322
231323
231324
231331
231332
231333
231334
231341
231342
231343
231344
231411
231412
231413
231414
231421
231422
231423
231424
231431
231432
231433
231434
231441
231442
231443
231444
232111
232112
232113
232114
232121
232122
232123
232124
232131
232132
232133
232134
232141
232142
232143
232144
232211
232212
232213
232214
232221
232222
232223
232224
232231
232232
232233
232234
232241
232242
232243
232244
232311
232312
232313
232314
232321
232322
232323
232324
232331
232332
232333
232334
232341
232342
232343
232344
232411
232412
232413
232414
232421
232422
232423
232424
232431
232432
232433
232434
232441
232442
232443
232444
233111
233112
233113
233114
233121
233122
233123
233124
233131
233132
233133
233134
233141
233142
233143
233144
233211
233212
233213
233214
233221
233222
233223
233224
233231
233232
233233
233234
233241
233242
233243
233244
233311
233312
233313
233314
233321
233322
233323
233324
233331
233332
233333
233334
233341
233342
233343
233344
233411
233412
233413
233414
233421
233422
233423
233424
233431
233432
233433
233434
233441
233442
233443
233444
234111
234112
234113
234114
234121
234122
234123
234124
234131
234132
234133
234134
234141
234142
234143
234144
234211
234212
234213
234214
234221
234222
234223
234224
234231
234232
234233
234234
234241
234242
234243
234244
234311
234312
234313
234314
234321
234322
234323
234324
234331
234332
234333
234334
234341
234342
234343
234344
234411
234412
234413
234414
234421
234422
234423
234424
234431
234432
234433
234434
234441
234442
234443
234444
241111
241112
241113
241114
241121
241122
241123
241124
241131
241132
241133
241134
241141
241142
241143
241144
241211
241212
241213
241214
241221
241222
241223
241224
241231
241232
241233
241234
241241
241242
241243
241244
241311
241312
241313
241314
241321
241322
241323
241324
241331
241332
241333
241334
241341
241342
241343
241344
241411
241412
241413
241414
241421
241422
241423
241424
241431
241432
241433
241434
241441
241442
241443
241444
242111
242112
242113
242114
242121
242122
242123
242124
242131
242132
242133
242134
242141
242142
242143
242144
242211
242212
242213
242214
242221
242222
242223
242224
242231
242232
242233
242234
242241
242242
242243
242244
242311
242312
242313
242314
242321
242322
242323
242324
242331
242332
242333
242334
242341
242342
242343
242344
242411
242412
242413
242414
242421
242422
242423
242424
242431
242432
242433
242434
242441
242442
242443
242444
243111
243112
243113
243114
243121
243122
243123
243124
243131
243132
243133
243134
243141
243142
243143
243144
243211
243212
243213
243214
243221
243222
243223
243224
243231
243232
243233
243234
243241
243242
243243
243244
243311
243312
243313
243314
243321
243322
243323
243324
243331
243332
243333
243334
243341
243342
243343
243344
243411
243412
243413
243414
243421
243422
243423
243424
243431
243432
243433
243434
243441
243442
243443
243444
244111
244112
244113
244114
244121
244122
244123
244124
244131
244132
244133
244134
244141
244142
244143
244144
244211
244212
244213
244214
244221
244222
244223
244224
244231
244232
244233
244234
244241
244242
244243
244244
244311
244312
244313
244314
244321
244322
244323
244324
244331
244332
244333
244334
244341
244342
244343
244344
244411
244412
244413
244414
244421
244422
244423
244424
244431
244432
244433
244434
244441
244442
244443
244444
311111
311112
311113
311114
311121
311122
311123
311124
311131
311132
311133
311134
311141
311142
311143
311144
311211
311212
311213
311214
311221
311222
311223
311224
311231
311232
311233
311234
311241
311242
311243
311244
311311
311312
311313
311314
311321
311322
311323
311324
311331
311332
311333
311334
311341
311342
311343
311344
311411
311412
311413
311414
311421
311422
311423
311424
311431
311432
311433
311434
311441
311442
311443
311444
312111
312112
312113
312114
312121
312122
312123
312124
312131
312132
312133
312134
312141
312142
312143
312144
312211
312212
312213
312214
312221
312222
312223
312224
312231
312232
312233
312234
312241
312242
312243
312244
312311
312312
312313
312314
312321
312322
312323
312324
312331
312332
312333
312334
312341
312342
312343
312344
312411
312412
312413
312414
312421
312422
312423
312424
312431
312432
312433
312434
312441
312442
312443
312444
313111
313112
313113
313114
313121
313122
313123
313124
313131
313132
313133
313134
313141
313142
313143
313144
313211
313212
313213
313214
313221
313222
313223
313224
313231
313232
313233
313234
313241
313242
313243
313244
313311
313312
313313
313314
313321
313322
313323
313324
313331
313332
313333
313334
313341
313342
313343
313344
313411
313412
313413
313414
313421
313422
313423
313424
313431
313432
313433
313434
313441
313442
313443
313444
314111
314112
314113
314114
314121
314122
314123
314124
314131
314132
314133
314134
314141
314142
314143
314144
314211
314212
314213
314214
314221
314222
314223
314224
314231
314232
314233
314234
314241
314242
314243
314244
314311
314312
314313
314314
314321
314322
314323
314324
314331
314332
314333
314334
314341
314342
314343
314344
314411
314412
314413
314414
314421
314422
314423
314424
314431
314432
314433
314434
314441
314442
314443
314444
321111
321112
321113
321114
321121
321122
321123
321124
321131
321132
321133
321134
321141
321142
321143
321144
321211
321212
321213
321214
321221
321222
321223
321224
321231
321232
321233
321234
321241
321242
321243
321244
321311
321312
321313
321314
321321
321322
321323
321324
321331
321332
321333
321334
321341
321342
321343
321344
321411
321412
321413
321414
321421
321422
321423
321424
321431
321432
321433
321434
321441
321442
321443
321444
322111
322112
322113
322114
322121
322122
322123
322124
322131
322132
322133
322134
322141
322142
322143
322144
322211
322212
322213
322214
322221
322222
322223
322224
322231
322232
322233
322234
322241
322242
322243
322244
322311
322312
322313
322314
322321
322322
322323
322324
322331
322332
322333
322334
322341
322342
322343
322344
322411
322412
322413
322414
322421
322422
322423
322424
322431
322432
322433
322434
322441
322442
322443
322444
323111
323112
323113
323114
323121
323122
323123
323124
323131
323132
323133
323134
323141
323142
323143
323144
323211
323212
323213
323214
323221
323222
323223
323224
323231
323232
323233
323234
323241
323242
323243
323244
323311
323312
323313
323314
323321
323322
323323
323324
323331
323332
323333
323334
323341
323342
323343
323344
323411
323412
323413
323414
323421
323422
323423
323424
323431
323432
323433
323434
323441
323442
323443
323444
324111
324112
324113
324114
324121
324122
324123
324124
324131
324132
324133
324134
324141
324142
324143
324144
324211
324212
324213
324214
324221
324222
324223
324224
324231
324232
324233
324234
324241
324242
324243
324244
324311
324312
324313
324314
324321
324322
324323
324324
324331
324332
324333
324334
324341
324342
324343
324344
324411
324412
324413
324414
324421
324422
324423
324424
324431
324432
324433
324434
324441
324442
324443
324444
331111
331112
331113
331114
331121
331122
331123
331124
331131
331132
331133
331134
331141
331142
331143
331144
331211
331212
331213
331214
331221
331222
331223
331224
331231
331232
331233
331234
331241
331242
331243
331244
331311
331312
331313
331314
331321
331322
331323
331324
331331
331332
331333
331334
331341
331342
331343
331344
331411
331412
331413
331414
331421
331422
331423
331424
331431
331432
331433
331434
331441
331442
331443
331444
332111
332112
332113
332114
332121
332122
332123
332124
332131
332132
332133
332134
332141
332142
332143
332144
332211
332212
332213
332214
332221
332222
332223
332224
332231
332232
332233
332234
332241
332242
332243
332244
332311
332312
332313
332314
332321
332322
332323
332324
332331
332332
332333
332334
332341
332342
332343
332344
332411
332412
332413
332414
332421
332422
332423
332424
332431
332432
332433
332434
332441
332442
332443
332444
333111
333112
333113
333114
333121
333122
333123
333124
333131
333132
333133
333134
333141
333142
333143
333144
333211
333212
333213
333214
333221
333222
333223
333224
333231
333232
333233
333234
333241
333242
333243
333244
333311
333312
333313
333314
333321
333322
333323
333324
333331
333332
333333
333334
333341
333342
333343
333344
333411
333412
333413
333414
333421
333422
333423
333424
333431
333432
333433
333434
333441
333442
333443
333444
334111
334112
334113
334114
334121
334122
334123
334124
334131
334132
334133
334134
334141
334142
334143
334144
334211
334212
334213
334214
334221
334222
334223
334224
334231
334232
334233
334234
334241
334242
334243
334244
334311
334312
334313
334314
334321
334322
334323
334324
334331
334332
334333
334334
334341
334342
334343
334344
334411
334412
334413
334414
334421
334422
334423
334424
334431
334432
334433
334434
334441
334442
334443
334444
341111
341112
341113
341114
341121
341122
341123
341124
341131
341132
341133
341134
341141
341142
341143
341144
341211
341212
341213
341214
341221
341222
341223
341224
341231
341232
341233
341234
341241
341242
341243
341244
341311
341312
341313
341314
341321
341322
341323
341324
341331
341332
341333
341334
341341
341342
341343
341344
341411
341412
341413
341414
341421
341422
341423
341424
341431
341432
341433
341434
341441
341442
341443
341444
342111
342112
342113
342114
342121
342122
342123
342124
342131
342132
342133
342134
342141
342142
342143
342144
342211
342212
342213
342214
342221
342222
342223
342224
342231
342232
342233
342234
342241
342242
342243
342244
342311
342312
342313
342314
342321
342322
342323
342324
342331
342332
342333
342334
342341
342342
342343
342344
342411
342412
342413
342414
342421
342422
342423
342424
342431
342432
342433
342434
342441
342442
342443
342444
343111
343112
343113
343114
343121
343122
343123
343124
343131
343132
343133
343134
343141
343142
343143
343144
343211
343212
343213
343214
343221
343222
343223
343224
343231
343232
343233
343234
343241
343242
343243
343244
343311
343312
343313
343314
343321
343322
343323
343324
343331
343332
343333
343334
343341
343342
343343
343344
343411
343412
343413
343414
343421
343422
343423
343424
343431
343432
343433
343434
343441
343442
343443
343444
344111
344112
344113
344114
344121
344122
344123
344124
344131
344132
344133
344134
344141
344142
344143
344144
344211
344212
344213
344214
344221
344222
344223
344224
344231
344232
344233
344234
344241
344242
344243
344244
344311
344312
344313
344314
344321
344322
344323
344324
344331
344332
344333
344334
344341
344342
344343
344344
344411
344412
344413
344414
344421
344422
344423
344424
344431
344432
344433
344434
344441
344442
344443
344444
411111
411112
411113
411114
411121
411122
411123
411124
411131
411132
411133
411134
411141
411142
411143
411144
411211
411212
411213
411214
411221
411222
411223
411224
411231
411232
411233
411234
411241
411242
411243
411244
411311
411312
411313
411314
411321
411322
411323
411324
411331
411332
411333
411334
411341
411342
411343
411344
411411
411412
411413
411414
411421
411422
411423
411424
411431
411432
411433
411434
411441
411442
411443
411444
412111
412112
412113
412114
412121
412122
412123
412124
412131
412132
412133
412134
412141
412142
412143
412144
412211
412212
412213
412214
412221
412222
412223
412224
412231
412232
412233
412234
412241
412242
412243
412244
412311
412312
412313
412314
412321
412322
412323
412324
412331
412332
412333
412334
412341
412342
412343
412344
412411
412412
412413
412414
412421
412422
412423
412424
412431
412432
412433
412434
412441
412442
412443
412444
413111
413112
413113
413114
413121
413122
413123
413124
413131
413132
413133
413134
413141
413142
413143
413144
413211
413212
413213
413214
413221
413222
413223
413224
413231
413232
413233
413234
413241
413242
413243
413244
413311
413312
413313
413314
413321
413322
413323
413324
413331
413332
413333
413334
413341
413342
413343
413344
413411
413412
413413
413414
413421
413422
413423
413424
413431
413432
413433
413434
413441
413442
413443
413444
414111
414112
414113
414114
414121
414122
414123
414124
414131
414132
414133
414134
414141
414142
414143
414144
414211
414212
414213
414214
414221
414222
414223
414224
414231
414232
414233
414234
414241
414242
414243
414244
414311
414312
414313
414314
414321
414322
414323
414324
414331
414332
414333
414334
414341
414342
414343
414344
414411
414412
414413
414414
414421
414422
414423
414424
414431
414432
414433
414434
414441
414442
414443
414444
421111
421112
421113
421114
421121
421122
421123
421124
421131
421132
421133
421134
421141
421142
421143
421144
421211
421212
421213
421214
421221
421222
421223
421224
421231
421232
421233
421234
421241
421242
421243
421244
421311
421312
421313
421314
421321
421322
421323
421324
421331
421332
421333
421334
421341
421342
421343
421344
421411
421412
421413
421414
421421
421422
421423
421424
421431
421432
421433
421434
421441
421442
421443
421444
422111
422112
422113
422114
422121
422122
422123
422124
422131
422132
422133
422134
422141
422142
422143
422144
422211
422212
422213
422214
422221
422222
422223
422224
422231
422232
422233
422234
422241
422242
422243
422244
422311
422312
422313
422314
422321
422322
422323
422324
422331
422332
422333
422334
422341
422342
422343
422344
422411
422412
422413
422414
422421
422422
422423
422424
422431
422432
422433
422434
422441
422442
422443
422444
423111
423112
423113
423114
423121
423122
423123
423124
423131
423132
423133
423134
423141
423142
423143
423144
423211
423212
423213
423214
423221
423222
423223
423224
423231
423232
423233
423234
423241
423242
423243
423244
423311
423312
423313
423314
423321
423322
423323
423324
423331
423332
423333
423334
423341
423342
423343
423344
423411
423412
423413
423414
423421
423422
423423
423424
423431
423432
423433
423434
423441
423442
423443
423444
424111
424112
424113
424114
424121
424122
424123
424124
424131
424132
424133
424134
424141
424142
424143
424144
424211
424212
424213
424214
424221
424222
424223
424224
424231
424232
424233
424234
424241
424242
424243
424244
424311
424312
424313
424314
424321
424322
424323
424324
424331
424332
424333
424334
424341
424342
424343
424344
424411
424412
424413
424414
424421
424422
424423
424424
424431
424432
424433
424434
424441
424442
424443
424444
431111
431112
431113
431114
431121
431122
431123
431124
431131
431132
431133
431134
431141
431142
431143
431144
431211
431212
431213
431214
431221
431222
431223
431224
431231
431232
431233
431234
431241
431242
431243
431244
431311
431312
431313
431314
431321
431322
431323
431324
431331
431332
431333
431334
431341
431342
431343
431344
431411
431412
431413
431414
431421
431422
431423
431424
431431
431432
431433
431434
431441
431442
431443
431444
432111
432112
432113
432114
432121
432122
432123
432124
432131
432132
432133
432134
432141
432142
432143
432144
432211
432212
432213
432214
432221
432222
432223
432224
432231
432232
432233
432234
432241
432242
432243
432244
432311
432312
432313
432314
432321
432322
432323
432324
432331
432332
432333
432334
432341
432342
432343
432344
432411
432412
432413
432414
432421
432422
432423
432424
432431
432432
432433
432434
432441
432442
432443
432444
433111
433112
433113
433114
433121
433122
433123
433124
433131
433132
433133
433134
433141
433142
433143
433144
433211
433212
433213
433214
433221
433222
433223
433224
433231
433232
433233
433234
433241
433242
433243
433244
433311
433312
433313
433314
433321
433322
433323
433324
433331
433332
433333
433334
433341
433342
433343
433344
433411
433412
433413
433414
433421
433422
433423
433424
433431
433432
433433
433434
433441
433442
433443
433444
434111
434112
434113
434114
434121
434122
434123
434124
434131
434132
434133
434134
434141
434142
434143
434144
434211
434212
434213
434214
434221
434222
434223
434224
434231
434232
434233
434234
434241
434242
434243
434244
434311
434312
434313
434314
434321
434322
434323
434324
434331
434332
434333
434334
434341
434342
434343
434344
434411
434412
434413
434414
434421
434422
434423
434424
434431
434432
434433
434434
434441
434442
434443
434444
441111
441112
441113
441114
441121
441122
441123
441124
441131
441132
441133
441134
441141
441142
441143
441144
441211
441212
441213
441214
441221
441222
441223
441224
441231
441232
441233
441234
441241
441242
441243
441244
441311
441312
441313
441314
441321
441322
441323
441324
441331
441332
441333
441334
441341
441342
441343
441344
441411
441412
441413
441414
441421
441422
441423
441424
441431
441432
441433
441434
441441
441442
441443
441444
442111
442112
442113
442114
442121
442122
442123
442124
442131
442132
442133
442134
442141
442142
442143
442144
442211
442212
442213
442214
442221
442222
442223
442224
442231
442232
442233
442234
442241
442242
442243
442244
442311
442312
442313
442314
442321
442322
442323
442324
442331
442332
442333
442334
442341
442342
442343
442344
442411
442412
442413
442414
442421
442422
442423
442424
442431
442432
442433
442434
442441
442442
442443
442444
443111
443112
443113
443114
443121
443122
443123
443124
443131
443132
443133
443134
443141
443142
443143
443144
443211
443212
443213
443214
443221
443222
443223
443224
443231
443232
443233
443234
443241
443242
443243
443244
443311
443312
443313
443314
443321
443322
443323
443324
443331
443332
443333
443334
443341
443342
443343
443344
443411
443412
443413
443414
443421
443422
443423
443424
443431
443432
443433
443434
443441
443442
443443
443444
444111
444112
444113
444114
444121
444122
444123
444124
444131
444132
444133
444134
444141
444142
444143
444144
444211
444212
444213
444214
444221
444222
444223
444224
444231
444232
444233
444234
444241
444242
444243
444244
444311
444312
444313
444314
444321
444322
444323
444324
444331
444332
444333
444334
444341
444342
444343
444344
444411
444412
444413
444414
444421
444422
444423
444424
444431
444432
444433
444434
444441
444442
444443
444444
